Im 0-1


cam0=[2945.377 0 1284.862; 0 2945.377 954.52; 0 0 1]
cam1=[2945.377 0 1455.543; 0 2945.377 954.52; 0 0 1]
doffs=170.681
baseline=178.232
width=2864
height=1924
ndisp=260
isint=0
vmin=32
vmax=224
dyavg=0
dymax=0







Im2-3


cam0=[3979.911 0 1244.772; 0 3979.911 1019.507; 0 0 1]
cam1=[3979.911 0 1369.115; 0 3979.911 1019.507; 0 0 1]
doffs=124.343
baseline=193.001
width=2964
height=2000
ndisp=270
isint=0
vmin=23
vmax=245
dyavg=0
dymax=0



Im4-5

cam0=[2826.171 0 1292.2; 0 2826.171 965.806; 0 0 1]
cam1=[2826.171 0 1415.97; 0 2826.171 965.806; 0 0 1]
doffs=123.77
baseline=178.089
width=2820
height=1920
ndisp=260
isint=0
vmin=34
vmax=220
dyavg=0
dymax=0



Im6-7

cam0=[7315.238 0 997.555; 0 7315.238 980.754; 0 0 1]
cam1=[7315.238 0 1806.75; 0 7315.238 980.754; 0 0 1]
doffs=809.195
baseline=380.135
width=2632
height=1988
ndisp=640
isint=0
vmin=27
vmax=600
dyavg=0
dymax=0